rpm,speed_mps,advance_ratio,efficiency,thrust_coeff,power_coeff,power_w,torque_nm,thrust_n,thrust_per_power_n_w,mach,reynolds,figure_of_merit
1000.0,0.0,0.0,0.0,0.0988,0.0492,0.734,0.007,0.29,0.39509536784741145,0.05,18573.0,0.5039
1000.0,0.1162304,0.0229,0.045,0.0971,0.0494,0.738,0.007,0.285,0.3861788617886179,0.05,18586.0,0.4883
1000.0,0.2324608,0.0458,0.0878,0.0952,0.0496,0.741,0.007,0.28,0.37786774628879893,0.05,18599.0,0.4724
1000.0,0.3486912,0.0687,0.1286,0.0932,0.0498,0.743,0.007,0.274,0.36877523553162855,0.05,18614.0,0.4563
1000.0,0.4649216,0.0916,0.1673,0.0911,0.0499,0.745,0.007,0.268,0.3597315436241611,0.05,18629.0,0.44
1000.0,0.581152,0.1145,0.2037,0.0889,0.0499,0.746,0.007,0.261,0.34986595174262736,0.05,18645.0,0.4235
1000.0,0.6973824,0.1374,0.2381,0.0865,0.0499,0.745,0.007,0.254,0.34093959731543627,0.05,18663.0,0.4068
1000.0,0.8136128,0.1602,0.2702,0.084,0.0498,0.744,0.007,0.247,0.33198924731182794,0.05,18682.0,0.3899
1000.0,0.9298432,0.1831,0.3001,0.0814,0.0497,0.741,0.007,0.239,0.3225371120107962,0.05,18701.0,0.3729
1000.0,1.0460736,0.206,0.3277,0.0786,0.0494,0.738,0.007,0.231,0.31300813008130085,0.05,18722.0,0.3557
1000.0,1.162304,0.2289,0.353,0.0756,0.049,0.732,0.007,0.222,0.30327868852459017,0.05,18744.0,0.3383
1000.0,1.2785343999999998,0.2518,0.3759,0.0725,0.0486,0.725,0.007,0.213,0.29379310344827586,0.05,18767.0,0.3207
1000.0,1.3947648,0.2747,0.3964,0.0693,0.048,0.717,0.007,0.204,0.28451882845188287,0.05,18792.0,0.303
1000.0,1.5109952,0.2976,0.4143,0.0659,0.0474,0.707,0.007,0.194,0.27439886845827444,0.05,18818.0,0.2852
1000.0,1.6272256,0.3205,0.4295,0.0624,0.0466,0.696,0.007,0.184,0.26436781609195403,0.05,18844.0,0.2672
1000.0,1.743456,0.3434,0.442,0.0588,0.0457,0.683,0.007,0.173,0.25329428989751096,0.05,18873.0,0.2491
1000.0,1.8596864,0.3663,0.4514,0.0551,0.0447,0.668,0.006,0.162,0.24251497005988024,0.05,18902.0,0.2309
1000.0,1.9759168,0.3892,0.4576,0.0513,0.0437,0.652,0.006,0.151,0.23159509202453987,0.05,18933.0,0.2125
1000.0,2.0921472,0.4121,0.4602,0.0474,0.0425,0.634,0.006,0.139,0.21924290220820192,0.05,18965.0,0.1941
1000.0,2.2083776,0.4349,0.459,0.0435,0.0412,0.615,0.006,0.128,0.208130081300813,0.05,18998.0,0.1755
1000.0,2.324608,0.4578,0.4533,0.0394,0.0398,0.594,0.006,0.116,0.1952861952861953,0.05,19033.0,0.1568
1000.0,2.4408384,0.4807,0.4428,0.0353,0.0383,0.572,0.005,0.104,0.18181818181818182,0.05,19069.0,0.138
1000.0,2.5570687999999997,0.5036,0.4266,0.0311,0.0367,0.547,0.005,0.091,0.16636197440585007,0.05,19106.0,0.1191
1000.0,2.6732992,0.5265,0.4037,0.0268,0.0349,0.522,0.005,0.079,0.15134099616858238,0.05,19144.0,0.1001
1000.0,2.7895296,0.5494,0.3729,0.0225,0.0331,0.494,0.005,0.066,0.13360323886639677,0.05,19184.0,0.0812
1000.0,2.90576,0.5723,0.3324,0.0181,0.0312,0.465,0.004,0.053,0.1139784946236559,0.05,19226.0,0.0624
1000.0,3.0219904,0.5952,0.2801,0.0137,0.0291,0.435,0.004,0.04,0.09195402298850575,0.05,19268.0,0.044
1000.0,3.1382207999999996,0.6181,0.2128,0.0093,0.027,0.403,0.004,0.027,0.06699751861042183,0.05,19312.0,0.0265
1000.0,3.2544512,0.641,0.1259,0.0049,0.0247,0.369,0.004,0.014,0.037940379403794036,0.05,19357.0,0.0109
1000.0,3.3706816,0.6639,0.0127,0.0004,0.0224,0.334,0.003,0.001,0.002994011976047904,0.05,19404.0,0.0003
2000.0,0.0,0.0,0.0,0.0993,0.0425,5.074,0.024,1.168,0.2301931415057154,0.1,37146.0,0.588
2000.0,0.2369312,0.0235,0.0536,0.0976,0.0428,5.112,0.024,1.147,0.22437402190923317,0.1,37172.0,0.5681
2000.0,0.4783328,0.047,0.1045,0.0957,0.0431,5.145,0.025,1.125,0.2186588921282799,0.1,37200.0,0.5481
2000.0,0.715264,0.0706,0.1526,0.0936,0.0433,5.172,0.025,1.101,0.212877030162413,0.1,37229.0,0.528
2000.0,0.9566656,0.0941,0.1979,0.0915,0.0435,5.193,0.025,1.076,0.20720200269593686,0.1,37261.0,0.5078
2000.0,1.1935968,0.1176,0.2406,0.0892,0.0436,5.206,0.025,1.049,0.201498271225509,0.1,37295.0,0.4876
2000.0,1.4349984,0.1411,0.2806,0.0867,0.0436,5.21,0.025,1.02,0.19577735124760076,0.1,37332.0,0.4673
2000.0,1.6719296000000001,0.1646,0.3179,0.0841,0.0436,5.205,0.025,0.989,0.19000960614793466,0.1,37370.0,0.4469
2000.0,1.9133312,0.1881,0.3525,0.0814,0.0434,5.189,0.025,0.957,0.18442859895933705,0.1,37411.0,0.4265
2000.0,2.1502624,0.2117,0.3845,0.0785,0.0432,5.161,0.025,0.923,0.1788413098236776,0.1,37455.0,0.406
2000.0,2.3871936,0.2352,0.4138,0.0754,0.0429,5.121,0.024,0.887,0.17320835774262838,0.1,37501.0,0.3856
2000.0,2.6285952,0.2587,0.4404,0.0722,0.0424,5.067,0.024,0.849,0.167554766133807,0.1,37549.0,0.365
2000.0,2.8655264,0.2822,0.4643,0.0689,0.0419,4.999,0.024,0.81,0.16203240648129627,0.1,37600.0,0.3445
2000.0,3.106928,0.3057,0.4854,0.0654,0.0412,4.918,0.023,0.769,0.1563643757625051,0.1,37654.0,0.3239
2000.0,3.3438592000000003,0.3292,0.5036,0.0618,0.0404,4.823,0.023,0.726,0.1505287165664524,0.1,37710.0,0.3033
2000.0,3.5852608,0.3528,0.5188,0.058,0.0395,4.713,0.023,0.682,0.14470613197538723,0.1,37769.0,0.2827
2000.0,3.8221920000000003,0.3763,0.5308,0.0542,0.0384,4.589,0.022,0.637,0.13881019830028327,0.1,37830.0,0.262
2000.0,4.0635936,0.3998,0.5392,0.0503,0.0373,4.451,0.021,0.591,0.13277915075263985,0.1,37895.0,0.2413
2000.0,4.3005248,0.4233,0.5439,0.0462,0.036,4.298,0.021,0.544,0.1265704979060028,0.1,37962.0,0.2204
2000.0,4.537456,0.4468,0.5443,0.0421,0.0346,4.13,0.02,0.495,0.1198547215496368,0.1,38032.0,0.1995
2000.0,4.778857599999999,0.4703,0.5399,0.0379,0.033,3.946,0.019,0.446,0.11302584896097313,0.1,38104.0,0.1783
2000.0,5.0157888,0.4939,0.5297,0.0337,0.0314,3.748,0.018,0.396,0.1056563500533618,0.1,38179.0,0.157
2000.0,5.2571904,0.5174,0.5128,0.0293,0.0296,3.534,0.017,0.345,0.09762308998302206,0.1,38258.0,0.1354
2000.0,5.4941216,0.5409,0.4874,0.0249,0.0277,3.305,0.016,0.293,0.08865355521936459,0.1,38339.0,0.1135
2000.0,5.7355232,0.5644,0.4515,0.0205,0.0256,3.061,0.015,0.241,0.07873244037896113,0.1,38423.0,0.0914
2000.0,5.972454399999999,0.5879,0.4018,0.016,0.0235,2.802,0.013,0.188,0.06709493219129194,0.1,38509.0,0.069
2000.0,6.213856,0.6114,0.3332,0.0115,0.0212,2.529,0.012,0.136,0.053776196124950576,0.1,38599.0,0.0467
2000.0,6.4507872,0.635,0.2379,0.007,0.0188,2.242,0.011,0.083,0.037020517395182875,0.1,38691.0,0.0251
2000.0,6.6921888,0.6585,0.1025,0.0025,0.0162,1.941,0.009,0.03,0.015455950540958267,0.1,38785.0,0.0062
3000.0,0.0,0.0,0.0,0.0997,0.0397,16.021,0.051,2.636,0.16453404906060795,0.14,55719.0,0.6317
3000.0,0.3531616,0.0232,0.0568,0.0979,0.0401,16.158,0.051,2.59,0.16029211536081195,0.14,55757.0,0.61
3000.0,0.7063232,0.0465,0.1105,0.0961,0.0404,16.279,0.052,2.541,0.15609066896000984,0.14,55798.0,0.5883
3000.0,1.0639551999999999,0.0697,0.1614,0.0941,0.0406,16.382,0.052,2.488,0.15187400805762422,0.14,55842.0,0.5665
3000.0,1.4171167999999998,0.0929,0.2092,0.0919,0.0408,16.463,0.052,2.432,0.14772520196804956,0.14,55889.0,0.5447
3000.0,1.7702784,0.1162,0.2543,0.0897,0.041,16.519,0.053,2.372,0.143592227132393,0.14,55939.0,0.523
3000.0,2.12344,0.1394,0.2965,0.0873,0.041,16.546,0.053,2.309,0.13955034449413758,0.14,55993.0,0.5013
3000.0,2.4766016,0.1626,0.3359,0.0847,0.041,16.541,0.053,2.241,0.13548153074179312,0.14,56050.0,0.4796
3000.0,2.8342335999999997,0.1859,0.3725,0.082,0.0409,16.501,0.053,2.17,0.13150718138294648,0.14,56111.0,0.458
3000.0,3.1873952,0.2091,0.4064,0.0792,0.0407,16.422,0.052,2.095,0.1275727682377299,0.14,56175.0,0.4364
3000.0,3.5405568,0.2323,0.4377,0.0762,0.0404,16.301,0.052,2.015,0.12361204834059263,0.14,56242.0,0.4149
3000.0,3.8937184000000005,0.2556,0.4663,0.073,0.04,16.136,0.051,1.932,0.11973227565691621,0.14,56314.0,0.3933
3000.0,4.24688,0.2788,0.4921,0.0697,0.0395,15.924,0.051,1.844,0.11580005023863352,0.14,56389.0,0.3719
3000.0,4.604512000000001,0.302,0.5153,0.0663,0.0389,15.666,0.05,1.754,0.11196221115792161,0.14,56468.0,0.3505
3000.0,4.9576736,0.3253,0.5357,0.0627,0.0381,15.36,0.049,1.66,0.10807291666666667,0.14,56550.0,0.3292
3000.0,5.3108352000000005,0.3485,0.5532,0.0591,0.0372,15.006,0.048,1.563,0.10415833666533386,0.14,56637.0,0.3079
3000.0,5.6639968,0.3717,0.5677,0.0553,0.0362,14.602,0.046,1.463,0.10019175455417066,0.14,56727.0,0.2866
3000.0,6.0171584000000005,0.395,0.579,0.0514,0.0351,14.15,0.045,1.361,0.09618374558303887,0.14,56822.0,0.2653
3000.0,6.3747904,0.4182,0.5867,0.0475,0.0338,13.646,0.043,1.256,0.09204162391909716,0.14,56920.0,0.2439
3000.0,6.727952,0.4414,0.5905,0.0434,0.0325,13.092,0.042,1.149,0.0877635197066911,0.14,57023.0,0.2225
3000.0,7.0811136,0.4647,0.5899,0.0393,0.031,12.486,0.04,1.04,0.08329328848310107,0.14,57129.0,0.2009
3000.0,7.434275199999999,0.4879,0.5841,0.0351,0.0293,11.828,0.038,0.929,0.07854244166384851,0.14,57240.0,0.179
3000.0,7.7919072,0.5111,0.5721,0.0309,0.0276,11.117,0.035,0.817,0.07349104974363586,0.14,57355.0,0.1569
3000.0,8.145068799999999,0.5344,0.5525,0.0266,0.0257,10.354,0.033,0.702,0.06779988410276222,0.14,57474.0,0.1344
3000.0,8.4982304,0.5576,0.523,0.0222,0.0237,9.538,0.03,0.587,0.0615433004822814,0.15,57597.0,0.1115
3000.0,8.851392,0.5808,0.4805,0.0178,0.0215,8.671,0.028,0.471,0.054318994348979355,0.15,57724.0,0.088
3000.0,9.2045536,0.6041,0.4198,0.0134,0.0192,7.754,0.025,0.354,0.04565385607428424,0.15,57856.0,0.0641
3000.0,9.5621856,0.6273,0.3327,0.0089,0.0168,6.788,0.022,0.236,0.03476723629935179,0.15,57991.0,0.04
3000.0,9.9153472,0.6505,0.204,0.0045,0.0143,5.775,0.018,0.119,0.020606060606060603,0.15,58130.0,0.0168
3000.0,10.2685088,0.6738,0.0025,0.0,0.0117,4.712,0.015,0.001,0.00021222410865874366,0.15,58269.0,0.0
4000.0,0.0,0.0,0.0,0.1,0.0382,36.534,0.087,4.702,0.12870203098483604,0.19,74290.0,0.6599
4000.0,0.4738624,0.0233,0.0593,0.0982,0.0386,36.874,0.088,4.62,0.1252915333297174,0.19,74341.0,0.6368
4000.0,0.9477248,0.0466,0.1154,0.0964,0.0389,37.177,0.089,4.533,0.12193022567716601,0.19,74396.0,0.6137
4000.0,1.4215872,0.0699,0.1683,0.0944,0.0392,37.436,0.089,4.439,0.11857570253232183,0.19,74455.0,0.5906
4000.0,1.8909792,0.0932,0.2182,0.0923,0.0394,37.643,0.09,4.339,0.11526711473580746,0.19,74518.0,0.5676
4000.0,2.3648416,0.1164,0.265,0.09,0.0395,37.79,0.09,4.232,0.1119872982270442,0.19,74586.0,0.5447
4000.0,2.838704,0.1397,0.3088,0.0876,0.0396,37.868,0.09,4.119,0.10877257843033694,0.19,74657.0,0.5219
4000.0,3.3125664,0.163,0.3497,0.085,0.0396,37.87,0.09,3.998,0.1055716926326908,0.19,74734.0,0.4991
4000.0,3.7864288000000004,0.1863,0.3878,0.0823,0.0395,37.786,0.09,3.871,0.10244535012967765,0.19,74815.0,0.4765
4000.0,4.260291199999999,0.2096,0.4231,0.0794,0.0394,37.609,0.09,3.736,0.09933792443298146,0.19,74900.0,0.454
4000.0,4.7341536,0.2329,0.4556,0.0764,0.0391,37.33,0.089,3.594,0.0962764532547549,0.19,74991.0,0.4316
4000.0,5.2035456,0.2562,0.4854,0.0733,0.0387,36.943,0.088,3.445,0.09325176623446932,0.19,75087.0,0.4093
4000.0,5.677408,0.2795,0.5126,0.0699,0.0381,36.445,0.087,3.29,0.09027301413088215,0.19,75187.0,0.387
4000.0,6.1512704,0.3027,0.5369,0.0665,0.0375,35.834,0.086,3.128,0.08729139922978177,0.19,75293.0,0.3649
4000.0,6.6251328,0.326,0.5586,0.0629,0.0367,35.107,0.084,2.96,0.08431366963853362,0.19,75404.0,0.3429
4000.0,7.0989952,0.3493,0.5773,0.0593,0.0359,34.263,0.082,2.787,0.08134138866999387,0.19,75520.0,0.321
4000.0,7.572857600000001,0.3726,0.5932,0.0555,0.0348,33.3,0.079,2.609,0.07834834834834835,0.19,75641.0,0.2992
4000.0,8.04672,0.3959,0.6058,0.0516,0.0337,32.216,0.077,2.426,0.0753041966724609,0.19,75767.0,0.2773
4000.0,8.516112,0.4192,0.615,0.0476,0.0324,31.009,0.074,2.239,0.07220484375503886,0.19,75899.0,0.2554
4000.0,8.9899744,0.4425,0.6205,0.0435,0.0311,29.676,0.071,2.048,0.06901199622590647,0.19,76036.0,0.2335
4000.0,9.463836800000001,0.4658,0.6216,0.0394,0.0295,28.218,0.067,1.853,0.06566730455737473,0.19,76179.0,0.2114
4000.0,9.9376992,0.489,0.6176,0.0352,0.0279,26.632,0.064,1.655,0.0621432862721538,0.19,76327.0,0.189
4000.0,10.411561599999999,0.5123,0.6076,0.0309,0.0261,24.917,0.059,1.454,0.058353734398202024,0.19,76481.0,0.1664
4000.0,10.885424,0.5356,0.5899,0.0266,0.0241,23.075,0.055,1.251,0.054214517876489704,0.19,76640.0,0.1433
4000.0,11.354816,0.5589,0.5622,0.0222,0.0221,21.104,0.05,1.045,0.04951667930250189,0.19,76805.0,0.1196
4000.0,11.8286784,0.5822,0.521,0.0178,0.0199,19.008,0.045,0.837,0.04403409090909091,0.19,76976.0,0.0953
4000.0,12.3025408,0.6055,0.4606,0.0134,0.0176,16.789,0.04,0.628,0.037405444040740955,0.19,77152.0,0.0702
4000.0,12.776403199999999,0.6288,0.3707,0.0089,0.0151,14.452,0.035,0.419,0.028992526985884306,0.19,77333.0,0.0444
4000.0,13.2502656,0.6521,0.232,0.0045,0.0126,12.002,0.029,0.21,0.01749708381936344,0.19,77519.0,0.019
4000.0,13.724128,0.6753,0.0001,0.0,0.0099,9.422,0.022,0.0,0.0,0.19,77702.0,0.0
5000.0,0.0,0.0,0.0,0.1003,0.0373,69.616,0.133,7.374,0.10592392553435992,0.24,92861.0,0.68
5000.0,0.5990336,0.0237,0.0619,0.0986,0.0377,70.31,0.134,7.244,0.10302944104679276,0.24,92926.0,0.6555
5000.0,1.2025375999999999,0.0473,0.1204,0.0967,0.038,70.93,0.135,7.104,0.10015508247568024,0.24,92995.0,0.6311
5000.0,1.8015712000000002,0.071,0.1755,0.0946,0.0383,71.461,0.136,6.955,0.0973258140804075,0.24,93071.0,0.6068
5000.0,2.4050751999999997,0.0947,0.2273,0.0925,0.0385,71.885,0.137,6.795,0.09452597899422688,0.24,93151.0,0.5825
5000.0,3.0041088,0.1183,0.2758,0.0902,0.0387,72.187,0.138,6.625,0.09177552744954078,0.24,93237.0,0.5585
5000.0,3.6076128,0.142,0.3212,0.0877,0.0388,72.348,0.138,6.444,0.08906949742909272,0.24,93329.0,0.5345
5000.0,4.2066464,0.1657,0.3636,0.0851,0.0388,72.351,0.138,6.251,0.08639825296125832,0.24,93427.0,0.5107
5000.0,4.8101503999999995,0.1893,0.4029,0.0823,0.0387,72.179,0.138,6.047,0.08377783011679296,0.24,93530.0,0.4871
5000.0,5.409184,0.213,0.4393,0.0794,0.0385,71.814,0.137,5.831,0.08119586710112235,0.24,93640.0,0.4636
5000.0,6.012688,0.2367,0.4728,0.0763,0.0382,71.24,0.136,5.604,0.07866367209432903,0.24,93757.0,0.4402
5000.0,6.611721599999999,0.2603,0.5036,0.073,0.0377,70.445,0.135,5.365,0.07615870537298602,0.24,93879.0,0.4171
5000.0,7.2152256,0.284,0.5315,0.0696,0.0372,69.422,0.133,5.115,0.07367981331566363,0.24,94008.0,0.394
5000.0,7.8142592,0.3076,0.5567,0.0661,0.0365,68.166,0.13,4.856,0.07123786051697327,0.24,94144.0,0.3711
5000.0,8.4132928,0.3313,0.579,0.0624,0.0357,66.673,0.127,4.587,0.06879846414590614,0.24,94286.0,0.3484
5000.0,9.0167968,0.355,0.5984,0.0586,0.0348,64.938,0.124,4.31,0.0663710000307986,0.24,94435.0,0.3257
5000.0,9.6158304,0.3786,0.6148,0.0548,0.0337,62.959,0.12,4.024,0.06391461109611016,0.24,94591.0,0.3032
5000.0,10.2193344,0.4023,0.6279,0.0508,0.0325,60.73,0.116,3.732,0.06145232998518031,0.24,94753.0,0.2806
5000.0,10.818368,0.426,0.6375,0.0467,0.0312,58.248,0.111,3.432,0.058920477956324685,0.24,94923.0,0.2581
5000.0,11.421872,0.4496,0.6432,0.0425,0.0297,55.508,0.106,3.126,0.05631620667291201,0.24,95099.0,0.2354
5000.0,12.0209056,0.4733,0.6444,0.0383,0.0281,52.508,0.1,2.815,0.05361087834234783,0.24,95283.0,0.2126
5000.0,12.6244096,0.497,0.6403,0.034,0.0264,49.246,0.094,2.498,0.050724931974170495,0.24,95474.0,0.1895
5000.0,13.223443199999998,0.5206,0.6295,0.0296,0.0245,45.72,0.087,2.177,0.0476159230096238,0.24,95671.0,0.166
5000.0,13.8269472,0.5443,0.6104,0.0252,0.0225,41.931,0.08,1.851,0.04414395077627531,0.24,95876.0,0.142
5000.0,14.425980800000001,0.568,0.5798,0.0207,0.0203,37.88,0.072,1.523,0.04020591341077085,0.24,96088.0,0.1173
5000.0,15.029484799999999,0.5916,0.5333,0.0162,0.018,33.574,0.064,1.192,0.03550366354917496,0.24,96308.0,0.0916
5000.0,15.6285184,0.6153,0.4627,0.0117,0.0155,29.018,0.055,0.859,0.029602315803983734,0.24,96534.0,0.0649
5000.0,16.227552,0.639,0.3525,0.0072,0.013,24.224,0.046,0.526,0.021714002642007926,0.24,96767.0,0.0373
5000.0,16.831056,0.6626,0.1698,0.0026,0.0103,19.198,0.037,0.194,0.010105219293676426,0.24,97005.0,0.0105
6000.0,0.0,0.0,0.0,0.1008,0.0367,118.367,0.188,10.661,0.0900673329559759,0.29,111429.0,0.6953
6000.0,0.7197344,0.0236,0.0631,0.099,0.0371,119.592,0.19,10.474,0.08758110910428792,0.29,111507.0,0.6701
6000.0,1.4394688,0.0473,0.1226,0.0971,0.0374,120.69,0.192,10.274,0.085127185350899,0.29,111591.0,0.645
6000.0,2.1592032,0.0709,0.1787,0.0951,0.0377,121.632,0.194,10.059,0.08270027624309391,0.29,111681.0,0.6201
6000.0,2.8789376,0.0945,0.2313,0.0929,0.0379,122.391,0.195,9.829,0.0803081925958608,0.29,111778.0,0.5953
6000.0,3.598672,0.1181,0.2807,0.0906,0.0381,122.936,0.196,9.584,0.07795926335654324,0.29,111881.0,0.5706
6000.0,4.3228767999999995,0.1418,0.3269,0.0881,0.0382,123.238,0.196,9.324,0.07565848196173258,0.29,111991.0,0.5461
6000.0,5.0426112,0.1654,0.37,0.0855,0.0382,123.266,0.196,9.047,0.073394123278114,0.29,112108.0,0.5219
6000.0,5.7623456,0.189,0.41,0.0827,0.0381,122.99,0.196,8.753,0.07116838767379462,0.29,112233.0,0.4978
6000.0,6.48208,0.2126,0.4471,0.0798,0.0379,122.378,0.195,8.442,0.06898298713821112,0.29,112365.0,0.4739
6000.0,7.2018144,0.2363,0.4814,0.0767,0.0376,121.404,0.193,8.114,0.06683470066884123,0.29,112504.0,0.4501
6000.0,7.921548799999999,0.2599,0.5128,0.0734,0.0372,120.045,0.191,7.77,0.06472572785205548,0.29,112651.0,0.4266
6000.0,8.641283199999998,0.2835,0.5414,0.07,0.0367,118.29,0.188,7.411,0.06265111167469777,0.29,112805.0,0.4032
6000.0,9.3610176,0.3072,0.5673,0.0665,0.036,116.128,0.185,7.037,0.06059692752824469,0.29,112968.0,0.38
6000.0,10.080752,0.3308,0.5904,0.0628,0.0352,113.553,0.181,6.649,0.05855415532834888,0.29,113138.0,0.357
6000.0,10.8004864,0.3544,0.6107,0.0591,0.0343,110.557,0.176,6.25,0.0565319247085214,0.29,113317.0,0.3341
6000.0,11.5246912,0.378,0.6279,0.0552,0.0332,107.134,0.171,5.838,0.054492504713723,0.29,113503.0,0.3113
6000.0,12.2444256,0.4017,0.6421,0.0512,0.032,103.275,0.164,5.416,0.052442507867344466,0.29,113698.0,0.2886
6000.0,12.96416,0.4253,0.6529,0.0471,0.0307,98.973,0.158,4.985,0.05036727188223051,0.29,113901.0,0.2658
6000.0,13.6838944,0.4489,0.6599,0.0429,0.0292,94.223,0.15,4.544,0.04822601700221814,0.29,114112.0,0.243
6000.0,14.4036288,0.4726,0.6625,0.0387,0.0276,89.018,0.142,4.095,0.046001932193488956,0.29,114332.0,0.2201
6000.0,15.123363199999998,0.4962,0.6601,0.0344,0.0258,83.354,0.133,3.638,0.043645175996352904,0.29,114560.0,0.1968
6000.0,15.843097599999998,0.5198,0.6513,0.03,0.0239,77.229,0.123,3.175,0.04111149956622512,0.29,114797.0,0.1732
6000.0,16.562832,0.5434,0.6344,0.0256,0.0219,70.645,0.112,2.706,0.03830419704154576,0.29,115042.0,0.1489
6000.0,17.282566399999997,0.5671,0.6065,0.0211,0.0197,63.603,0.101,2.232,0.035092684307343996,0.29,115296.0,0.1239
6000.0,18.0023008,0.5907,0.5629,0.0166,0.0174,56.114,0.089,1.754,0.03125779662829241,0.29,115558.0,0.0979
6000.0,18.7265056,0.6143,0.4954,0.012,0.0149,48.188,0.077,1.275,0.026458869428073375,0.29,115829.0,0.0706
6000.0,19.44624,0.6379,0.3879,0.0075,0.0124,39.845,0.063,0.795,0.01995231522148325,0.29,116108.0,0.0421
6000.0,20.1659744,0.6616,0.2045,0.003,0.0096,31.098,0.049,0.315,0.01012926876326452,0.29,116394.0,0.0135
7000.0,0.0,0.0,0.0,0.1012,0.0363,186.032,0.254,14.579,0.07836823772254235,0.33,129996.0,0.7074
7000.0,0.8314944000000001,0.0234,0.0633,0.0995,0.0367,187.993,0.256,14.327,0.07621028442548393,0.33,130086.0,0.682
7000.0,1.6629888000000002,0.0467,0.1231,0.0976,0.0371,189.756,0.259,14.057,0.07407934399966273,0.33,130183.0,0.6566
7000.0,2.4900128,0.0701,0.1794,0.0956,0.0373,191.276,0.261,13.768,0.07197975700035551,0.33,130287.0,0.6314
7000.0,3.3215071999999997,0.0934,0.2323,0.0935,0.0376,192.51,0.263,13.46,0.06991844579502364,0.33,130398.0,0.6064
7000.0,4.1530016,0.1168,0.282,0.0912,0.0378,193.412,0.264,13.131,0.06789134076479225,0.33,130517.0,0.5816
7000.0,4.984496,0.1401,0.3284,0.0887,0.0379,193.936,0.265,12.781,0.06590318455572973,0.33,130644.0,0.557
7000.0,5.8159904,0.1635,0.3718,0.0862,0.0379,194.034,0.265,12.409,0.06395270931898533,0.33,130779.0,0.5326
7000.0,6.643014399999999,0.1869,0.4122,0.0834,0.0378,193.659,0.264,12.014,0.06203687925683805,0.33,130922.0,0.5084
7000.0,7.4745088,0.2102,0.4498,0.0805,0.0376,192.764,0.263,11.597,0.06016164844058019,0.33,131073.0,0.4844
7000.0,8.3060032,0.2336,0.4844,0.0775,0.0374,191.304,0.261,11.158,0.05832601513820934,0.33,131233.0,0.4606
7000.0,9.1374976,0.2569,0.5164,0.0743,0.037,189.245,0.258,10.696,0.056519326798594414,0.33,131401.0,0.437
7000.0,9.968992,0.2803,0.5456,0.0709,0.0364,186.565,0.255,10.213,0.05474231501085412,0.33,131579.0,0.4136
7000.0,10.796016,0.3037,0.5722,0.0674,0.0358,183.249,0.25,9.71,0.05298801084862674,0.33,131765.0,0.3904
7000.0,11.6275104,0.327,0.596,0.0638,0.035,179.285,0.245,9.19,0.051259168363220566,0.33,131960.0,0.3674
7000.0,12.4590048,0.3504,0.6172,0.0601,0.0341,174.663,0.238,8.652,0.049535391010116614,0.34,132165.0,0.3445
7000.0,13.2904992,0.3737,0.6355,0.0562,0.0331,169.371,0.231,8.099,0.047818103453365686,0.34,132378.0,0.3218
7000.0,14.1219936,0.3971,0.6509,0.0523,0.0319,163.396,0.223,7.532,0.0460965996719626,0.34,132601.0,0.2991
7000.0,14.9490176,0.4204,0.6631,0.0483,0.0306,156.73,0.214,6.951,0.044350156319785616,0.34,132834.0,0.2765
7000.0,15.780511999999998,0.4438,0.6718,0.0441,0.0292,149.359,0.204,6.358,0.04256857638307701,0.34,133076.0,0.2538
7000.0,16.6120064,0.4672,0.6765,0.0399,0.0276,141.277,0.193,5.754,0.04072849791544271,0.34,133327.0,0.2309
7000.0,17.443500800000002,0.4905,0.6766,0.0357,0.0259,132.474,0.181,5.139,0.038792517777073245,0.34,133588.0,0.2079
7000.0,18.2749952,0.5139,0.671,0.0313,0.024,122.948,0.168,4.515,0.036722842177180595,0.34,133859.0,0.1845
7000.0,19.102019199999997,0.5372,0.6582,0.027,0.022,112.698,0.154,3.883,0.03445491490532219,0.34,134139.0,0.1605
7000.0,19.9335136,0.5606,0.6357,0.0225,0.0199,101.728,0.139,3.244,0.031888958792072986,0.34,134430.0,0.1358
7000.0,20.765008,0.5839,0.5996,0.0181,0.0176,90.05,0.123,2.6,0.02887284841754581,0.34,134730.0,0.1101
7000.0,21.596502400000002,0.6073,0.5429,0.0136,0.0152,77.68,0.106,1.953,0.02514160659114315,0.34,135039.0,0.083
7000.0,22.4279968,0.6307,0.4524,0.0091,0.0126,64.644,0.088,1.304,0.020172019058226593,0.34,135358.0,0.0545
7000.0,23.2550208,0.654,0.2992,0.0046,0.01,50.97,0.07,0.656,0.012870315872081617,0.34,135686.0,0.0246
7000.0,24.0865152,0.6774,0.0011,0.0,0.0071,36.495,0.05,0.002,5.480202767502398e-05,0.34,136000.0,0.0
8000.0,0.0,0.0,0.0,0.1018,0.0361,276.051,0.33,19.143,0.06934588173924384,0.38,148560.0,0.7173
8000.0,0.9521951999999999,0.0234,0.0641,0.1,0.0365,279.033,0.333,18.813,0.06742213286600508,0.38,148664.0,0.6914
8000.0,1.89992,0.0468,0.1246,0.0981,0.0368,281.714,0.336,18.46,0.06552744982499982,0.38,148775.0,0.6656
8000.0,2.8521152,0.0702,0.1816,0.0961,0.0372,284.027,0.339,18.081,0.06365944082780862,0.38,148894.0,0.64
8000.0,3.8043104,0.0936,0.2352,0.094,0.0374,285.906,0.341,17.677,0.06182801340300658,0.38,149022.0,0.6145
8000.0,4.7565056000000006,0.117,0.2854,0.0917,0.0376,287.284,0.343,17.245,0.060027707773492436,0.38,149159.0,0.5893
8000.0,5.7042304,0.1404,0.3324,0.0892,0.0377,288.088,0.344,16.785,0.05826344727999778,0.38,149304.0,0.5643
8000.0,6.6564256,0.1638,0.3763,0.0866,0.0377,288.248,0.344,16.297,0.056538119952263335,0.38,149459.0,0.5396
8000.0,7.6086208,0.1872,0.4172,0.0839,0.0376,287.691,0.343,15.779,0.05484704074858095,0.38,149623.0,0.5151
8000.0,8.5563456,0.2106,0.4552,0.081,0.0375,286.344,0.342,15.231,0.053191266448746964,0.38,149797.0,0.4908
8000.0,9.5085408,0.234,0.4904,0.0779,0.0372,284.143,0.339,14.653,0.05156910428903757,0.38,149980.0,0.4667
8000.0,10.460735999999999,0.2574,0.5228,0.0747,0.0368,281.033,0.335,14.045,0.049976337298466726,0.38,150174.0,0.4428
8000.0,11.412931200000001,0.2808,0.5525,0.0713,0.0362,276.982,0.331,13.41,0.04841469842805669,0.38,150377.0,0.4192
8000.0,12.360655999999999,0.3042,0.5795,0.0678,0.0356,271.967,0.325,12.749,0.04687701081381197,0.38,150591.0,0.3957
8000.0,13.3128512,0.3276,0.6039,0.0641,0.0348,265.971,0.317,12.065,0.04536208834797779,0.38,150815.0,0.3725
8000.0,14.2650464,0.351,0.6256,0.0604,0.0339,258.975,0.309,11.358,0.043857515204170285,0.38,151050.0,0.3494
8000.0,15.2172416,0.3744,0.6445,0.0565,0.0328,250.964,0.3,10.63,0.042356672670183775,0.38,151295.0,0.3265
8000.0,16.164966399999997,0.3978,0.6605,0.0525,0.0316,241.92,0.289,9.884,0.04085648148148149,0.38,151551.0,0.3037
8000.0,17.1171616,0.4212,0.6733,0.0485,0.0303,231.825,0.277,9.119,0.03933570581257414,0.38,151817.0,0.2808
8000.0,18.0693568,0.4446,0.6828,0.0443,0.0289,220.664,0.263,8.339,0.037790486894101444,0.38,152095.0,0.258
8000.0,19.0170816,0.468,0.6883,0.0401,0.0273,208.424,0.249,7.543,0.03619064982919434,0.39,152383.0,0.235
8000.0,19.9692768,0.4914,0.6893,0.0358,0.0255,195.092,0.233,6.734,0.03451704836692432,0.39,152683.0,0.2118
8000.0,20.921471999999998,0.5148,0.6847,0.0314,0.0236,180.664,0.216,5.913,0.03272926537661073,0.39,152993.0,0.1882
8000.0,21.8736672,0.5382,0.673,0.027,0.0216,165.138,0.197,5.081,0.030768205985297146,0.39,153315.0,0.164
8000.0,22.821392,0.5616,0.6517,0.0225,0.0194,148.523,0.177,4.241,0.028554499976434625,0.39,153648.0,0.139
8000.0,23.773587199999998,0.585,0.6166,0.018,0.0171,130.833,0.156,3.394,0.02594146736679584,0.39,153992.0,0.113
8000.0,24.7257824,0.6084,0.5606,0.0135,0.0147,112.097,0.134,2.542,0.022676788852511665,0.39,154347.0,0.0855
8000.0,25.6735072,0.6318,0.4694,0.009,0.0121,92.354,0.11,1.688,0.018277497455443187,0.39,154713.0,0.0562
8000.0,26.6257024,0.6552,0.3105,0.0044,0.0094,71.646,0.086,0.835,0.011654523630070066,0.39,155088.0,0.0252
8000.0,27.5778976,0.6786,-0.0165,-0.0002,0.0065,49.597,0.059,-0.03,-0.0006048752948767062,0.39,155436.0,0.0
9000.0,0.0,0.0,0.0,0.1024,0.036,392.116,0.416,24.374,0.06216017709045282,0.43,167122.0,0.7255
9000.0,1.0728959999999998,0.0234,0.0648,0.1006,0.0364,396.435,0.421,23.956,0.06042856962679884,0.43,167239.0,0.6992
9000.0,2.1413216,0.0469,0.1258,0.0987,0.0368,400.318,0.425,23.507,0.05872081695052434,0.43,167364.0,0.6731
9000.0,3.2142176,0.0703,0.1834,0.0967,0.0371,403.669,0.428,23.026,0.0570417842341126,0.43,167499.0,0.6471
9000.0,4.2871136,0.0937,0.2374,0.0946,0.0373,406.394,0.431,22.512,0.05539451861986151,0.43,167644.0,0.6214
9000.0,5.3555392,0.1172,0.2881,0.0922,0.0375,408.391,0.433,21.963,0.053779343815118355,0.43,167798.0,0.5959
9000.0,6.4284352,0.1406,0.3356,0.0898,0.0376,409.558,0.435,21.378,0.05219773511932376,0.43,167962.0,0.5706
9000.0,7.5013312,0.1641,0.3799,0.0872,0.0376,409.793,0.435,20.757,0.05065240255446043,0.43,168137.0,0.5456
9000.0,8.5742272,0.1875,0.4212,0.0844,0.0376,408.99,0.434,20.097,0.049138120736448326,0.43,168323.0,0.5208
9000.0,9.6426528,0.2109,0.4596,0.0815,0.0374,407.047,0.432,19.399,0.04765788717273435,0.43,168519.0,0.4963
9000.0,10.715548799999999,0.2344,0.4952,0.0784,0.0371,403.866,0.429,18.662,0.04620839585407041,0.43,168726.0,0.4719
9000.0,11.7884448,0.2578,0.5279,0.0751,0.0367,399.372,0.424,17.888,0.04479032080366175,0.43,168945.0,0.4479
9000.0,12.8568704,0.2812,0.558,0.0717,0.0362,393.517,0.418,17.078,0.043398379231392795,0.43,169175.0,0.424
9000.0,13.9297664,0.3047,0.5855,0.0682,0.0355,386.268,0.41,16.235,0.042030403761119224,0.43,169417.0,0.4004
9000.0,15.0026624,0.3281,0.6103,0.0645,0.0347,377.599,0.401,15.362,0.040683370453841246,0.43,169670.0,0.377
9000.0,16.071088,0.3516,0.6325,0.0607,0.0338,367.486,0.39,14.46,0.03934843776361549,0.43,169935.0,0.3537
9000.0,17.143984,0.375,0.6519,0.0568,0.0327,355.904,0.378,13.532,0.038021488940837976,0.43,170212.0,0.3307
9000.0,18.21688,0.3984,0.6684,0.0528,0.0315,342.829,0.364,12.579,0.03669176178211295,0.43,170501.0,0.3077
9000.0,19.289776,0.4219,0.6819,0.0487,0.0302,328.237,0.348,11.604,0.03535250444038911,0.43,170802.0,0.2847
9000.0,20.3582016,0.4453,0.692,0.0446,0.0287,312.104,0.331,10.608,0.033988670443185605,0.43,171115.0,0.2617
9000.0,21.431097599999998,0.4687,0.6983,0.0403,0.027,294.411,0.312,9.593,0.032583701016606036,0.43,171441.0,0.2386
9000.0,22.5039936,0.4922,0.7001,0.036,0.0253,275.142,0.292,8.561,0.03111484251768178,0.43,171779.0,0.2152
9000.0,23.5724192,0.5156,0.6965,0.0316,0.0234,254.288,0.27,7.513,0.02954524004278613,0.43,172129.0,0.1914
9000.0,24.645315200000002,0.5391,0.6857,0.0271,0.0213,231.849,0.246,6.451,0.027824144162795612,0.43,172492.0,0.1671
9000.0,25.7182112,0.5625,0.6655,0.0226,0.0191,207.835,0.221,5.378,0.02587629610027185,0.44,172868.0,0.1419
9000.0,26.7866368,0.5859,0.6315,0.018,0.0167,182.272,0.193,4.297,0.02357465765449438,0.44,173256.0,0.1155
9000.0,27.8595328,0.6094,0.5762,0.0135,0.0143,155.198,0.165,3.21,0.020683256227528705,0.44,173657.0,0.0876
9000.0,28.9324288,0.6328,0.4844,0.0089,0.0116,126.673,0.134,2.121,0.016743899647122907,0.44,174070.0,0.0576
9000.0,30.0053248,0.6562,0.3202,0.0043,0.0089,96.754,0.103,1.032,0.010666225685759761,0.44,174493.0,0.0256
9000.0,31.0737504,0.6797,-0.0399,-0.0003,0.0059,64.553,0.068,-0.083,-0.0012857651851966602,0.44,174860.0,0.0
10000.0,0.0,0.0,0.0,0.1031,0.036,538.246,0.514,30.296,0.05628653069414357,0.48,185680.0,0.7324
10000.0,1.2025375999999999,0.0236,0.0657,0.1013,0.0365,544.312,0.52,29.775,0.05470208262908038,0.48,185811.0,0.7057
10000.0,2.4006048,0.0473,0.1277,0.0994,0.0368,549.76,0.525,29.215,0.053141370779976715,0.48,185953.0,0.6791
10000.0,3.6031424000000003,0.0709,0.186,0.0973,0.0371,554.452,0.529,28.614,0.05160771356221999,0.48,186105.0,0.6527
10000.0,4.80568,0.0946,0.2407,0.0952,0.0374,558.252,0.533,27.971,0.05010461225396416,0.48,186267.0,0.6265
10000.0,6.003747199999999,0.1182,0.2921,0.0928,0.0376,561.017,0.536,27.284,0.04863310737464283,0.48,186441.0,0.6006
10000.0,7.206284800000001,0.1419,0.3401,0.0903,0.0377,562.602,0.537,26.551,0.04719322007387105,0.48,186627.0,0.5749
10000.0,8.4088224,0.1655,0.3849,0.0877,0.0377,562.859,0.537,25.771,0.04578588953894314,0.48,186824.0,0.5495
10000.0,9.606889599999999,0.1891,0.4267,0.0849,0.0376,561.639,0.536,24.942,0.04440930918258881,0.48,187033.0,0.5244
10000.0,10.8094272,0.2128,0.4655,0.0819,0.0374,558.799,0.534,24.065,0.0430655745625887,0.48,187255.0,0.4995
10000.0,12.0119648,0.2364,0.5015,0.0787,0.0371,554.199,0.529,23.139,0.04175215040084879,0.48,187489.0,0.4748
10000.0,13.210032,0.2601,0.5346,0.0754,0.0367,547.734,0.523,22.165,0.04046672289834116,0.48,187735.0,0.4504
10000.0,14.412569600000001,0.2837,0.5651,0.0719,0.0361,539.34,0.515,21.146,0.03920717914488078,0.48,187995.0,0.4263
10000.0,15.615107199999999,0.3074,0.5929,0.0683,0.0354,528.971,0.505,20.086,0.03797183588514304,0.48,188268.0,0.4023
10000.0,16.8131744,0.331,0.618,0.0646,0.0346,516.591,0.493,18.987,0.036754415001422784,0.48,188554.0,0.3786
10000.0,18.015711999999997,0.3546,0.6405,0.0607,0.0336,502.166,0.48,17.852,0.03554999741121462,0.48,188853.0,0.3551
10000.0,19.2182496,0.3783,0.6602,0.0568,0.0325,485.662,0.464,16.684,0.034353109775934705,0.48,189165.0,0.3317
10000.0,20.4163168,0.4019,0.677,0.0527,0.0313,467.045,0.446,15.486,0.0331574045327538,0.48,189492.0,0.3085
10000.0,21.6188544,0.4256,0.6907,0.0485,0.0299,446.281,0.426,14.259,0.03195072163054219,0.48,189831.0,0.2852
10000.0,22.821392,0.4492,0.7011,0.0442,0.0284,423.338,0.404,13.006,0.03072249597248534,0.48,190185.0,0.2619
10000.0,24.019459199999996,0.4729,0.7075,0.0399,0.0267,398.187,0.38,11.728,0.029453497979592503,0.48,190553.0,0.2385
10000.0,25.2219968,0.4965,0.7094,0.0355,0.0248,370.809,0.354,10.43,0.02812768837865316,0.48,190935.0,0.2147
10000.0,26.4245344,0.5201,0.7056,0.031,0.0229,341.193,0.326,9.111,0.026703361440592276,0.48,191331.0,0.1906
10000.0,27.6226016,0.5438,0.6945,0.0265,0.0207,309.34,0.295,7.777,0.025140621969354113,0.48,191741.0,0.1657
10000.0,28.825139200000002,0.5674,0.6731,0.0219,0.0184,275.27,0.263,6.428,0.02335161841101464,0.48,192165.0,0.14
10000.0,30.027676800000002,0.5911,0.6368,0.0172,0.016,239.021,0.228,5.069,0.021207341614335143,0.48,192603.0,0.1129
10000.0,31.225743999999995,0.6147,0.5764,0.0126,0.0134,200.656,0.192,3.704,0.018459452994179094,0.49,193056.0,0.084
10000.0,32.428281600000005,0.6384,0.4728,0.0079,0.0107,160.263,0.153,2.337,0.014582280376630914,0.49,193521.0,0.0527
10000.0,33.630819200000005,0.662,0.2769,0.0033,0.0079,117.906,0.113,0.971,0.008235373941953759,0.49,193997.0,0.0192
11000.0,0.0,0.0,0.0,0.1039,0.0362,718.872,0.624,36.939,0.051384669315260575,0.52,204234.0,0.7383
11000.0,1.3098272,0.0235,0.0655,0.1021,0.0366,727.013,0.631,36.314,0.0499495882467026,0.52,204378.0,0.7116
11000.0,2.6196544,0.0469,0.1272,0.1002,0.0369,734.33,0.637,35.641,0.048535399615976464,0.52,204533.0,0.685
11000.0,3.933952,0.0704,0.1854,0.0982,0.0373,740.643,0.643,34.92,0.04714822120778837,0.52,204699.0,0.6587
11000.0,5.2437792000000005,0.0938,0.24,0.096,0.0375,745.77,0.647,34.147,0.045787575257787254,0.52,204876.0,0.6326
11000.0,6.5536064,0.1173,0.2913,0.0937,0.0377,749.527,0.651,33.321,0.04445603694063055,0.52,205066.0,0.6067
11000.0,7.8634336,0.1407,0.3394,0.0912,0.0378,751.721,0.653,32.441,0.04315563886069433,0.52,205269.0,0.5811
11000.0,9.1732608,0.1642,0.3843,0.0886,0.0378,752.158,0.653,31.503,0.041883487246030755,0.52,205484.0,0.5558
11000.0,10.483087999999999,0.1876,0.4261,0.0858,0.0378,750.646,0.652,30.508,0.04064232674256574,0.52,205712.0,0.5307
11000.0,11.7973856,0.2111,0.4651,0.0828,0.0376,746.988,0.648,29.453,0.03942901358522492,0.52,205954.0,0.5059
11000.0,13.1072128,0.2345,0.5012,0.0797,0.0373,741.008,0.643,28.339,0.0382438516183361,0.53,206209.0,0.4813
11000.0,14.41704,0.258,0.5347,0.0764,0.0369,732.56,0.636,27.168,0.03708638200283936,0.53,206477.0,0.457
11000.0,15.7268672,0.2815,0.5654,0.0729,0.0363,721.554,0.626,25.941,0.03595157119217689,0.53,206760.0,0.4329
11000.0,17.0366944,0.3049,0.5936,0.0693,0.0356,707.929,0.615,24.664,0.0348396519989999,0.53,207057.0,0.4091
11000.0,18.350991999999998,0.3284,0.6192,0.0656,0.0348,691.64,0.6,23.341,0.03374732519807993,0.53,207368.0,0.3854
11000.0,19.6608192,0.3518,0.6422,0.0618,0.0338,672.643,0.584,21.973,0.032666659728860625,0.53,207693.0,0.362
11000.0,20.9706464,0.3753,0.6626,0.0578,0.0328,650.894,0.565,20.565,0.03159500625293827,0.53,208033.0,0.3387
11000.0,22.2804736,0.3987,0.6802,0.0538,0.0315,626.349,0.544,19.12,0.030526112438911852,0.53,208388.0,0.3156
11000.0,23.5903008,0.4222,0.6948,0.0496,0.0301,598.963,0.52,17.64,0.029450900973849805,0.53,208757.0,0.2924
11000.0,24.900128000000002,0.4456,0.7062,0.0453,0.0286,568.696,0.494,16.129,0.028361374090902697,0.53,209141.0,0.2693
11000.0,26.2144256,0.4691,0.714,0.041,0.0269,535.51,0.465,14.587,0.02723945397845045,0.53,209541.0,0.246
11000.0,27.5242528,0.4925,0.7176,0.0366,0.0251,499.378,0.434,13.02,0.02607243410803039,0.53,209955.0,0.2224
11000.0,28.83408,0.516,0.7159,0.0321,0.0232,460.279,0.4,11.428,0.024828419284825074,0.53,210385.0,0.1984
11000.0,30.1439072,0.5395,0.7075,0.0276,0.021,418.216,0.363,9.815,0.02346873386001492,0.53,210830.0,0.1738
11000.0,31.4537344,0.5629,0.6899,0.023,0.0188,373.208,0.324,8.185,0.0219314698505927,0.53,211290.0,0.1483
11000.0,32.768032,0.5864,0.6589,0.0184,0.0164,325.299,0.282,6.542,0.020110728898644018,0.53,211765.0,0.1216
11000.0,34.0778592,0.6098,0.6069,0.0137,0.0138,274.567,0.238,4.89,0.017809860616898605,0.53,212256.0,0.0931
11000.0,35.3876864,0.6333,0.5175,0.0091,0.0111,221.121,0.192,3.234,0.01462547654903876,0.53,212762.0,0.0622
11000.0,36.6975136,0.6567,0.351,0.0044,0.0083,165.07,0.143,1.579,0.009565638819894591,0.53,213280.0,0.0284
11000.0,38.007340799999994,0.6802,-0.0486,-0.0004,0.0052,104.152,0.09,-0.133,-0.0012769797987556648,0.54,213696.0,0.0
12000.0,0.0,0.0,0.0,0.1048,0.0364,938.96,0.747,44.339,0.047221393882593506,0.57,222784.0,0.7434
12000.0,1.430528,0.0235,0.0657,0.103,0.0368,949.725,0.756,43.593,0.04590065545289426,0.57,222941.0,0.7165
12000.0,2.8655264,0.047,0.1277,0.1011,0.0372,959.392,0.763,42.791,0.044602206397385005,0.57,223111.0,0.6898
12000.0,4.2960544,0.0705,0.1861,0.0991,0.0375,967.721,0.77,41.929,0.0433275706531118,0.57,223293.0,0.6633
12000.0,5.7265824,0.094,0.241,0.0969,0.0378,974.481,0.775,41.005,0.042078809130193406,0.57,223488.0,0.637
12000.0,7.161580799999999,0.1174,0.2925,0.0945,0.038,979.418,0.779,40.017,0.0408579380815954,0.57,223696.0,0.6111
12000.0,8.5921088,0.1409,0.3408,0.0921,0.0381,982.283,0.782,38.962,0.0396647402021617,0.57,223918.0,0.5853
12000.0,10.0226368,0.1644,0.3859,0.0894,0.0381,982.816,0.782,37.839,0.038500594210920454,0.57,224154.0,0.5599
12000.0,11.4531648,0.1879,0.428,0.0866,0.038,980.765,0.78,36.645,0.03736369058846921,0.57,224405.0,0.5347
12000.0,12.8881632,0.2114,0.4672,0.0836,0.0378,975.875,0.777,35.38,0.036254643268861284,0.57,224670.0,0.5098
12000.0,14.3186912,0.2349,0.5036,0.0804,0.0375,967.908,0.77,34.042,0.0351706980415494,0.57,224949.0,0.4851
12000.0,15.749219199999999,0.2584,0.5373,0.0771,0.0371,956.677,0.761,32.635,0.034112871951557315,0.57,225244.0,0.4607
12000.0,17.1842176,0.2819,0.5684,0.0736,0.0365,942.058,0.75,31.162,0.03307864271626588,0.57,225554.0,0.4365
12000.0,18.6147456,0.3054,0.5969,0.07,0.0358,923.977,0.735,29.627,0.03206465095992649,0.57,225879.0,0.4126
12000.0,20.0452736,0.3289,0.6228,0.0662,0.035,902.375,0.718,28.035,0.03106801496052085,0.57,226220.0,0.3889
12000.0,21.480272,0.3523,0.6462,0.0623,0.034,877.195,0.698,26.39,0.030084530805579147,0.57,226577.0,0.3654
12000.0,22.9108,0.3758,0.6669,0.0583,0.0329,848.383,0.675,24.697,0.02911067289184248,0.58,226949.0,0.342
12000.0,24.341328,0.3993,0.685,0.0542,0.0316,815.88,0.649,22.958,0.028138942001274696,0.58,227337.0,0.3188
12000.0,25.7763264,0.4228,0.7001,0.05,0.0302,779.632,0.62,21.177,0.027162815276951177,0.58,227742.0,0.2955
12000.0,27.2068544,0.4463,0.7121,0.0457,0.0287,739.584,0.589,19.358,0.02617417358947733,0.58,228163.0,0.2723
12000.0,28.6373824,0.4698,0.7205,0.0414,0.027,695.69,0.554,17.503,0.025159194468800758,0.58,228600.0,0.2489
12000.0,30.072380799999998,0.4933,0.7248,0.0369,0.0251,647.91,0.516,15.616,0.02410211294778596,0.58,229054.0,0.2252
12000.0,31.5029088,0.5168,0.7239,0.0324,0.0231,596.223,0.474,13.7,0.022977979715643308,0.58,229524.0,0.2011
12000.0,32.9334368,0.5403,0.7163,0.0278,0.021,540.627,0.43,11.759,0.021750670980176724,0.58,230011.0,0.1763
12000.0,34.3639648,0.5637,0.6997,0.0231,0.0186,481.151,0.383,9.796,0.020359512917982086,0.58,230515.0,0.1507
12000.0,35.798963199999996,0.5872,0.6697,0.0185,0.0162,417.855,0.333,7.817,0.0187074463629728,0.58,231036.0,0.1237
12000.0,37.2294912,0.6107,0.6184,0.0138,0.0136,350.841,0.279,5.827,0.01660866318360739,0.58,231573.0,0.0948
12000.0,38.6600192,0.6342,0.5288,0.0091,0.0109,280.257,0.223,3.833,0.013676732427735972,0.58,232126.0,0.0633
12000.0,40.0950176,0.6577,0.3577,0.0043,0.008,206.243,0.164,1.84,0.008921514912021257,0.58,232692.0,0.0286
13000.0,0.0,0.0,0.0,0.1058,0.0367,1204.184,0.885,52.537,0.043628714548607186,0.62,241327.0,0.7476
13000.0,1.5467583999999999,0.0234,0.0656,0.104,0.0371,1218.082,0.895,51.665,0.04241504266543631,0.62,241498.0,0.7208
13000.0,3.0935167999999997,0.0468,0.1275,0.1021,0.0375,1230.559,0.904,50.726,0.04122191621856408,0.62,241682.0,0.6941
13000.0,4.6402752000000005,0.0702,0.1858,0.1001,0.0378,1241.308,0.912,49.717,0.04005210632655231,0.62,241879.0,0.6677
13000.0,6.1825632,0.0936,0.2406,0.0979,0.0381,1250.031,0.918,48.635,0.03890703510552938,0.62,242091.0,0.6415
13000.0,7.7293216,0.1171,0.2921,0.0956,0.0383,1256.409,0.923,47.476,0.037787058195221455,0.62,242316.0,0.6155
13000.0,9.27608,0.1405,0.3404,0.0931,0.0384,1260.122,0.926,46.238,0.03669327255614932,0.62,242557.0,0.5899
13000.0,10.8228384,0.1639,0.3856,0.0904,0.0384,1260.836,0.926,44.919,0.035626362191434884,0.62,242812.0,0.5645
13000.0,12.3695968,0.1873,0.4278,0.0876,0.0384,1258.232,0.924,43.516,0.034585036781769975,0.62,243083.0,0.5394
13000.0,13.9163552,0.2107,0.4671,0.0846,0.0382,1251.984,0.92,42.028,0.033569119094173726,0.62,243370.0,0.5145
13000.0,15.4586432,0.2341,0.5037,0.0814,0.0379,1241.791,0.912,40.455,0.03257794588622401,0.62,243672.0,0.4899
13000.0,17.0054016,0.2575,0.5376,0.0781,0.0374,1227.408,0.902,38.799,0.03161051581870088,0.62,243991.0,0.4655
13000.0,18.55216,0.2809,0.5689,0.0746,0.0368,1208.678,0.888,37.064,0.03066490827168195,0.62,244326.0,0.4414
13000.0,20.0989184,0.3043,0.5977,0.071,0.0361,1185.504,0.871,35.256,0.029739250141711884,0.62,244678.0,0.4175
13000.0,21.6456768,0.3277,0.624,0.0672,0.0353,1157.814,0.85,33.38,0.02883019206884698,0.62,245046.0,0.3938
13000.0,23.192435200000002,0.3512,0.6478,0.0633,0.0343,1125.539,0.827,31.44,0.02793328352016234,0.62,245431.0,0.3703
13000.0,24.734723199999998,0.3746,0.669,0.0593,0.0332,1088.613,0.8,29.443,0.02704634245595083,0.62,245833.0,0.347
13000.0,26.2814816,0.398,0.6876,0.0551,0.0319,1046.966,0.769,27.392,0.0261632182898012,0.62,246252.0,0.3237
13000.0,27.82824,0.4214,0.7034,0.0509,0.0305,1000.528,0.735,25.291,0.025277653399005326,0.62,246689.0,0.3005
13000.0,29.374998399999996,0.4448,0.7162,0.0466,0.0289,949.232,0.697,23.144,0.024381816036543224,0.62,247143.0,0.2773
13000.0,30.9217568,0.4682,0.7255,0.0422,0.0272,893.02,0.656,20.954,0.023464200129896307,0.63,247614.0,0.2539
13000.0,32.4685152,0.4916,0.7309,0.0377,0.0254,831.841,0.611,18.725,0.022510311465772908,0.63,248104.0,0.2303
13000.0,34.0108032,0.515,0.7313,0.0331,0.0233,765.666,0.562,16.462,0.02150023639550404,0.63,248611.0,0.2062
13000.0,35.5575616,0.5384,0.7254,0.0285,0.0212,694.49,0.51,14.168,0.020400581721839044,0.63,249136.0,0.1815
13000.0,37.10432,0.5619,0.711,0.0239,0.0188,618.344,0.454,11.849,0.01916247266893509,0.63,249679.0,0.1559
13000.0,38.651078399999996,0.5853,0.684,0.0191,0.0164,537.304,0.395,9.509,0.017697616247040783,0.63,250239.0,0.129
13000.0,40.1978368,0.6087,0.637,0.0144,0.0138,451.493,0.332,7.155,0.015847421776195865,0.63,250818.0,0.1002
13000.0,41.7445952,0.6321,0.5543,0.0097,0.011,361.096,0.265,4.795,0.013279017214258811,0.63,251414.0,0.0687
13000.0,43.2913536,0.6555,0.3958,0.0049,0.0081,266.306,0.196,2.435,0.009143616741643074,0.63,252025.0,0.0337
13000.0,44.8336416,0.6789,0.01,0.0001,0.005,165.277,0.121,0.037,0.0002238665997083684,0.63,252587.0,0.0001
14000.0,0.0,0.0,0.0,0.1069,0.0371,1521.716,1.038,61.585,0.04047075801266465,0.67,259864.0,0.7509
14000.0,1.6674592,0.0234,0.0656,0.1051,0.0376,1539.3,1.05,60.574,0.039351653348924834,0.67,260049.0,0.7241
14000.0,3.3349184,0.0469,0.1276,0.1033,0.038,1555.088,1.061,59.483,0.03825056845657609,0.67,260249.0,0.6975
14000.0,5.0023776,0.0703,0.1859,0.1012,0.0383,1568.688,1.07,58.309,0.03717055271666513,0.67,260463.0,0.671
14000.0,6.6698368,0.0938,0.2409,0.099,0.0386,1579.702,1.078,57.048,0.03611314032646664,0.67,260692.0,0.6449
14000.0,8.337295999999998,0.1172,0.2925,0.0967,0.0388,1587.732,1.083,55.697,0.03507959781625614,0.67,260936.0,0.6189
14000.0,10.0047552,0.1407,0.3409,0.0942,0.0389,1592.356,1.086,54.251,0.03406964271808565,0.67,261197.0,0.5933
14000.0,11.6722144,0.1641,0.3862,0.0915,0.0389,1593.145,1.087,52.709,0.03308487300277125,0.67,261474.0,0.5679
14000.0,13.3396736,0.1876,0.4285,0.0886,0.0388,1589.683,1.084,51.068,0.032124643718275905,0.67,261768.0,0.5427
14000.0,15.007132799999999,0.211,0.468,0.0856,0.0386,1581.561,1.079,49.326,0.031188174215221545,0.67,262078.0,0.5179
14000.0,16.674591999999997,0.2345,0.5048,0.0824,0.0383,1568.393,1.07,47.483,0.030274937467841285,0.67,262406.0,0.4932
14000.0,18.3420512,0.2579,0.5389,0.0791,0.0378,1549.867,1.057,45.541,0.02938381164319261,0.67,262751.0,0.4688
14000.0,20.0095104,0.2813,0.5705,0.0755,0.0372,1525.787,1.041,43.506,0.028513809594655087,0.67,263114.0,0.4446
14000.0,21.6769696,0.3048,0.5996,0.0718,0.0365,1496.03,1.02,41.383,0.027661878438266615,0.67,263495.0,0.4207
14000.0,23.3444288,0.3282,0.6262,0.068,0.0356,1460.515,0.996,39.179,0.026825469098229048,0.67,263893.0,0.397
14000.0,25.011888000000003,0.3517,0.6503,0.0641,0.0346,1419.158,0.968,36.901,0.02600203782806425,0.67,264310.0,0.3734
14000.0,26.6793472,0.3751,0.672,0.06,0.0335,1371.88,0.936,34.554,0.025187334169169316,0.67,264745.0,0.35
14000.0,28.3468064,0.3986,0.691,0.0558,0.0322,1318.595,0.899,32.144,0.02437746237472461,0.67,265199.0,0.3267
14000.0,30.014265599999998,0.422,0.7073,0.0515,0.0307,1259.221,0.859,29.674,0.023565363030000293,0.67,265671.0,0.3035
14000.0,31.6817248,0.4455,0.7206,0.0471,0.0291,1193.672,0.814,27.149,0.02274410390794121,0.67,266162.0,0.2802
14000.0,33.349183999999994,0.4689,0.7305,0.0427,0.0274,1121.879,0.765,24.574,0.021904323015227135,0.67,266672.0,0.2567
14000.0,35.0166432,0.4923,0.7365,0.0381,0.0255,1043.778,0.712,21.953,0.02103225015281027,0.67,267201.0,0.233
14000.0,36.6841024,0.5158,0.7376,0.0335,0.0234,959.332,0.654,19.291,0.02010878402888677,0.68,267750.0,0.2088
14000.0,38.351561600000004,0.5392,0.7326,0.0288,0.0212,868.534,0.592,16.592,0.01910345478703194,0.68,268317.0,0.184
14000.0,40.0190208,0.5627,0.7191,0.0241,0.0188,771.425,0.526,13.862,0.017969342450659495,0.68,268904.0,0.1582
14000.0,41.686479999999996,0.5861,0.6931,0.0193,0.0163,668.101,0.456,11.108,0.016626228669018608,0.68,269510.0,0.131
14000.0,43.3539392,0.6096,0.647,0.0145,0.0136,558.726,0.381,8.338,0.01492323607635943,0.68,270135.0,0.1019
14000.0,45.021398399999995,0.633,0.5643,0.0096,0.0108,443.536,0.303,5.559,0.012533368204610224,0.68,270778.0,0.0699
14000.0,46.6888576,0.6565,0.4023,0.0048,0.0079,322.772,0.22,2.781,0.008615988995327973,0.68,271438.0,0.034
14000.0,48.3563168,0.6799,-0.0175,-0.0001,0.0047,192.782,0.131,-0.07,-0.0003631044392111297,0.68,272007.0,0.0
15000.0,0.0,0.0,0.0,0.1082,0.0378,1906.767,1.214,71.541,0.03751952912967342,0.71,278393.0,0.7503
15000.0,1.78816,0.0235,0.0653,0.1064,0.0382,1927.542,1.227,70.385,0.03651541704409035,0.71,278592.0,0.7243
15000.0,3.57632,0.0469,0.127,0.1045,0.0386,1946.138,1.239,69.134,0.035523688453747884,0.71,278807.0,0.6983
15000.0,5.3600096,0.0704,0.1852,0.1025,0.0389,1962.082,1.249,67.785,0.03454748578295912,0.71,279038.0,0.6725
15000.0,7.1481696,0.0938,0.2401,0.1003,0.0392,1974.896,1.257,66.334,0.033588604159408904,0.71,279284.0,0.6468
15000.0,8.936329599999999,0.1173,0.2918,0.0979,0.0394,1984.072,1.263,64.776,0.032648008741618245,0.71,279548.0,0.6212
15000.0,10.724489599999998,0.1407,0.3402,0.0954,0.0395,1989.094,1.266,63.108,0.031727007371195125,0.71,279829.0,0.5959
15000.0,12.5126496,0.1642,0.3857,0.0927,0.0395,1989.415,1.267,61.326,0.0308261473850353,0.71,280128.0,0.5707
15000.0,14.3008096,0.1876,0.4282,0.0899,0.0394,1984.497,1.263,59.428,0.029946127406592197,0.72,280444.0,0.5458
15000.0,16.0844992,0.2111,0.4679,0.0868,0.0392,1973.815,1.257,57.411,0.029086312547021882,0.72,280779.0,0.521
15000.0,17.872659199999998,0.2346,0.5049,0.0836,0.0388,1956.862,1.246,55.275,0.028246754242251114,0.72,281132.0,0.4965
15000.0,19.6608192,0.258,0.5392,0.0802,0.0384,1933.228,1.231,53.022,0.027426666694254375,0.72,281503.0,0.4722
15000.0,21.448979199999997,0.2815,0.5711,0.0766,0.0378,1902.647,1.211,50.659,0.026625538000480384,0.72,281894.0,0.448
15000.0,23.237139199999998,0.3049,0.6004,0.0729,0.037,1864.964,1.187,48.193,0.02584124948256374,0.72,282304.0,0.4241
15000.0,25.0208288,0.3284,0.6274,0.069,0.0361,1820.065,1.159,45.632,0.02507163205709686,0.72,282733.0,0.4004
15000.0,26.808988799999998,0.3518,0.6519,0.065,0.0351,1767.853,1.125,42.983,0.02431367313911281,0.72,283181.0,0.3769
15000.0,28.5971488,0.3753,0.6739,0.0609,0.0339,1708.227,1.087,40.254,0.023564783837276893,0.72,283649.0,0.3535
15000.0,30.3853088,0.3988,0.6934,0.0566,0.0326,1641.089,1.045,37.449,0.022819603324377897,0.72,284137.0,0.3301
15000.0,32.1734688,0.4222,0.7102,0.0523,0.0311,1566.335,0.997,34.575,0.022073822011255576,0.72,284644.0,0.3069
15000.0,33.9616288,0.4457,0.724,0.0478,0.0294,1483.863,0.945,31.636,0.02132002752275648,0.72,285172.0,0.2835
15000.0,35.745318399999995,0.4691,0.7346,0.0433,0.0277,1393.589,0.887,28.638,0.02054981777267186,0.72,285720.0,0.26
15000.0,37.5334784,0.4926,0.7413,0.0387,0.0257,1295.437,0.825,25.586,0.019750863994157958,0.72,286288.0,0.2362
15000.0,39.3216384,0.516,0.7434,0.034,0.0236,1189.361,0.757,22.485,0.01890510955042245,0.72,286877.0,0.2119
15000.0,41.109798399999995,0.5395,0.7394,0.0292,0.0213,1075.349,0.685,19.341,0.017985788799729206,0.72,287486.0,0.187
15000.0,42.89795839999999,0.5629,0.727,0.0244,0.0189,953.446,0.607,16.16,0.01694904588199017,0.73,288116.0,0.1611
15000.0,44.6861184,0.5864,0.7024,0.0196,0.0163,823.777,0.524,12.95,0.015720273811966102,0.73,288766.0,0.1337
15000.0,46.469808,0.6099,0.6579,0.0147,0.0136,686.576,0.437,9.719,0.014155752604227353,0.73,289437.0,0.1043
15000.0,48.257968,0.6333,0.5766,0.0098,0.0108,542.222,0.345,6.479,0.011948980306959144,0.73,290128.0,0.0719
15000.0,50.046128,0.6568,0.4143,0.0049,0.0078,391.15,0.249,3.238,0.008278154160807875,0.73,290835.0,0.0352
15000.0,51.834288,0.6802,-0.0236,-0.0002,0.0045,228.13,0.145,-0.104,-0.0004558804190593083,0.73,291426.0,0.0
16000.0,0.0,0.0,0.0,0.1096,0.0392,2395.645,1.43,82.469,0.03442454954719919,0.76,296912.0,0.7391
16000.0,1.9088607999999998,0.0235,0.064,0.1079,0.0395,2417.193,1.443,81.162,0.03357696303108606,0.76,297125.0,0.7152
16000.0,3.8132512,0.0469,0.1249,0.106,0.0398,2436.073,1.454,79.744,0.03273465121940106,0.76,297356.0,0.6911
16000.0,5.722112,0.0704,0.1825,0.1039,0.0401,2451.756,1.463,78.211,0.031899993310916745,0.76,297603.0,0.667
16000.0,7.6309728,0.0939,0.2371,0.1017,0.0403,2463.701,1.47,76.559,0.03107479357275903,0.76,297868.0,0.6428
16000.0,9.535363199999999,0.1173,0.2886,0.0994,0.0404,2471.338,1.475,74.781,0.030259317017745042,0.76,298151.0,0.6186
16000.0,11.444224,0.1408,0.3371,0.0968,0.0405,2474.057,1.477,72.874,0.029455263156831068,0.76,298453.0,0.5945
16000.0,13.3530848,0.1643,0.3827,0.0941,0.0404,2471.23,1.475,70.834,0.028663459087175214,0.76,298773.0,0.5703
16000.0,15.2574752,0.1877,0.4255,0.0912,0.0403,2462.209,1.47,68.658,0.027884716528938043,0.76,299113.0,0.5463
16000.0,17.166335999999998,0.2112,0.4655,0.0882,0.04,2446.344,1.46,66.344,0.027119652837049896,0.76,299472.0,0.5222
16000.0,19.070726399999998,0.2347,0.5029,0.0849,0.0396,2423.009,1.446,63.889,0.026367628019540994,0.76,299851.0,0.4983
16000.0,20.9795872,0.2581,0.5377,0.0815,0.0391,2391.68,1.427,61.298,0.025629682900722508,0.76,300250.0,0.4744
16000.0,22.888448,0.2816,0.57,0.0778,0.0385,2352.013,1.404,58.577,0.024905049419369708,0.76,300668.0,0.4506
16000.0,24.7928384,0.3051,0.5999,0.0741,0.0377,2303.788,1.375,55.735,0.02419276426476742,0.77,301108.0,0.427
16000.0,26.701699199999997,0.3285,0.6273,0.0701,0.0367,2246.851,1.341,52.782,0.023491544388123644,0.77,301567.0,0.4035
16000.0,28.61056,0.352,0.6523,0.0661,0.0357,2181.048,1.302,49.726,0.02279913142672697,0.77,302048.0,0.3801
16000.0,30.5149504,0.3755,0.6748,0.0619,0.0344,2106.218,1.257,46.575,0.022113095605488135,0.77,302549.0,0.3568
16000.0,32.4238112,0.3989,0.6948,0.0576,0.0331,2022.213,1.207,43.336,0.021429987840054437,0.77,303071.0,0.3335
16000.0,34.332671999999995,0.4224,0.7122,0.0532,0.0315,1928.879,1.151,40.016,0.020745728477525028,0.77,303614.0,0.3103
16000.0,36.2370624,0.4458,0.7267,0.0487,0.0299,1826.081,1.09,36.62,0.020053874937639677,0.77,304179.0,0.2869
16000.0,38.1459232,0.4693,0.738,0.0441,0.028,1713.691,1.023,33.154,0.019346544972226615,0.77,304765.0,0.2634
16000.0,40.054784,0.4928,0.7455,0.0394,0.026,1591.612,0.95,29.625,0.018613204725774875,0.77,305373.0,0.2395
16000.0,41.9591744,0.5162,0.7485,0.0346,0.0239,1459.818,0.871,26.039,0.0178371550426149,0.77,306003.0,0.2152
16000.0,43.868035199999994,0.5397,0.7454,0.0298,0.0216,1318.379,0.787,22.402,0.016992078909023888,0.77,306654.0,0.1901
16000.0,45.776896,0.5632,0.734,0.0249,0.0191,1167.493,0.697,18.72,0.016034357379444673,0.77,307327.0,0.164
16000.0,47.6812864,0.5866,0.7101,0.0199,0.0165,1007.523,0.601,15.004,0.014891967726791348,0.77,308022.0,0.1364
16000.0,49.590147200000004,0.6101,0.6656,0.015,0.0137,839.009,0.501,11.261,0.013421786893823546,0.78,308739.0,0.1065
16000.0,51.499008,0.6336,0.5832,0.01,0.0108,662.669,0.396,7.505,0.011325412838083568,0.78,309476.0,0.0734
16000.0,53.40339839999999,0.657,0.4174,0.005,0.0078,479.27,0.286,3.746,0.007816053581488513,0.78,310232.0,0.0358
17000.0,0.0,0.0,0.0,0.1112,0.0417,3062.006,1.72,94.433,0.030840240025656388,0.81,315419.0,0.7085
17000.0,2.0250912,0.0235,0.0612,0.1095,0.042,3079.214,1.73,92.976,0.030194718522324204,0.81,315647.0,0.6883
17000.0,4.0546528,0.0469,0.1198,0.1076,0.0422,3092.879,1.737,91.389,0.029548197650150557,0.81,315893.0,0.6678
17000.0,6.079744,0.0704,0.1758,0.1056,0.0423,3102.472,1.743,89.667,0.02890179186145757,0.81,316157.0,0.647
17000.0,8.1093056,0.0939,0.2291,0.1034,0.0424,3107.46,1.746,87.805,0.028256196379036258,0.81,316441.0,0.626
17000.0,10.134396800000001,0.1174,0.2799,0.101,0.0424,3107.267,1.745,85.798,0.027612046212958208,0.81,316744.0,0.6047
17000.0,12.1639584,0.1408,0.328,0.0985,0.0423,3101.258,1.742,83.639,0.02696937823296224,0.81,317066.0,0.5831
17000.0,14.189049599999999,0.1643,0.3736,0.0957,0.0421,3088.722,1.735,81.324,0.026329336210898873,0.81,317409.0,0.5613
17000.0,16.2186112,0.1878,0.4167,0.0928,0.0418,3069.026,1.724,78.851,0.025692516127266436,0.81,317772.0,0.5394
17000.0,18.2437024,0.2113,0.4572,0.0897,0.0415,3041.466,1.708,76.216,0.025058968273852147,0.81,318156.0,0.5172
17000.0,20.273264,0.2347,0.4952,0.0864,0.041,3005.311,1.688,73.418,0.02442941845286561,0.81,318562.0,0.4949
17000.0,22.2983552,0.2582,0.5308,0.0829,0.0403,2959.937,1.663,70.46,0.02380456070517717,0.81,318988.0,0.4724
17000.0,24.3279168,0.2817,0.564,0.0793,0.0396,2904.937,1.632,67.349,0.02318432379084297,0.81,319436.0,0.4498
17000.0,26.353008,0.3052,0.5948,0.0755,0.0387,2840.065,1.595,64.097,0.02256884965660997,0.81,319905.0,0.4272
17000.0,28.378099199999998,0.3286,0.6232,0.0715,0.0377,2765.139,1.553,60.715,0.021957304858815415,0.81,320396.0,0.4045
17000.0,30.4076608,0.3521,0.6491,0.0674,0.0365,2679.978,1.505,57.212,0.021347936438284195,0.81,320909.0,0.3818
17000.0,32.432752,0.3756,0.6727,0.0631,0.0352,2584.373,1.452,53.599,0.020739653293081143,0.81,321444.0,0.359
17000.0,34.4623136,0.399,0.6937,0.0587,0.0338,2478.101,1.392,49.882,0.020129123066412544,0.82,322001.0,0.3361
17000.0,36.4874048,0.4225,0.712,0.0542,0.0322,2360.919,1.326,46.071,0.019514011281200245,0.82,322581.0,0.3131
17000.0,38.5169664,0.446,0.7275,0.0496,0.0304,2232.601,1.254,42.171,0.018888731125713907,0.82,323183.0,0.29
17000.0,40.5420576,0.4695,0.7398,0.045,0.0285,2093.032,1.176,38.19,0.018246257104525872,0.82,323808.0,0.2666
17000.0,42.5716192,0.4929,0.748,0.0402,0.0265,1942.606,1.091,34.134,0.01757124192965532,0.82,324455.0,0.2427
17000.0,44.5967104,0.5164,0.7513,0.0353,0.0243,1781.528,1.001,30.01,0.016845090282050015,0.82,325126.0,0.2182
17000.0,46.626272,0.5399,0.7478,0.0304,0.0219,1610.076,0.904,25.825,0.016039615521254897,0.82,325820.0,0.1927
17000.0,48.6513632,0.5634,0.7352,0.0254,0.0195,1428.582,0.802,21.588,0.015111488174987505,0.82,326536.0,0.166
17000.0,50.6809248,0.5868,0.7086,0.0204,0.0169,1237.75,0.695,17.306,0.013981821854170875,0.82,327276.0,0.1375
17000.0,52.706016,0.6103,0.6594,0.0153,0.0142,1038.452,0.583,12.992,0.012510929730021225,0.82,328039.0,0.1066
17000.0,54.731107200000004,0.6338,0.5696,0.0102,0.0113,831.92,0.467,8.658,0.010407250697182421,0.83,328824.0,0.0724
17000.0,56.7606688,0.6573,0.3956,0.0051,0.0084,619.378,0.348,4.317,0.006969895604945607,0.83,329627.0,0.0342
17000.0,58.785759999999996,0.6807,-0.0269,-0.0002,0.0053,390.114,0.219,-0.179,-0.0004588402364437062,0.83,330287.0,0.0
